0.0 0.0 0.17 0.93 0.14 0.97 0.11 1.12 0.12 1.24 0.2 0.93 0.24 0.97 0.26 1.24 0.0 0.0 0.0 0.0 0.0 0.0 0.0 0.0 0.0 0.0 0.0 0.0 0.0 0.0 0.0 0.0 0.14 0.85 0.0 0.0
0.19 0.81 0.19 0.93 0.15 0.93 0.12 0.97 0.12 1.2 0.22 0.93 0.24 0.97 0.26 1.2 0.17 1.2 0.15 1.31 0.13 1.62 0.0 0.0 0.0 0.0 0.0 0.0 0.18 0.81 0.19 0.81 0.15 0.81 0.2 0.81
0.23 0.77 0.23 0.85 0.2 0.85 0.17 0.97 0.18 1.12 0.26 0.85 0.28 0.93 0.29 1.08 0.21 1.16 0.2 1.24 0.22 1.35 0.24 1.12 0.27 1.04 0.27 1.43 0.22 0.73 0.24 0.73 0.2 0.73 0.26 0.73
0.23 0.77 0.25 0.85 0.24 0.85 0.18 0.97 0.18 1.12 0.27 0.85 0.28 0.97 0.3 1.08 0.21 1.16 0.0 0.0 0.0 0.0 0.24 1.12 0.27 1.08 0.27 1.43 0.22 0.73 0.24 0.73 0.21 0.77 0.26 0.73
0.23 0.81 0.23 0.85 0.2 0.85 0.18 0.97 0.18 1.12 0.27 0.85 0.28 0.97 0.3 1.12 0.21 1.2 0.0 0.0 0.0 0.0 0.24 1.12 0.27 1.08 0.27 1.43 0.22 0.77 0.24 0.77 0.21 0.77 0.26 0.77
0.23 0.77 0.23 0.85 0.2 0.85 0.18 0.93 0.18 1.12 0.27 0.85 0.29 0.97 0.3 1.12 0.21 1.16 0.22 1.08 0.22 1.39 0.25 1.12 0.27 1.04 0.27 1.43 0.22 0.77 0.24 0.77 0.21 0.77 0.26 0.77
0.19 0.81 0.19 0.93 0.15 0.93 0.12 0.97 0.12 1.2 0.22 0.89 0.24 0.97 0.26 1.2 0.17 1.2 0.15 1.35 0.13 1.62 0.0 0.0 0.0 0.0 0.0 0.0 0.17 0.81 0.19 0.77 0.15 0.81 0.2 0.81
0.18 0.46 0.2 0.58 0.15 0.54 0.08 0.66 0.0 0.0 0.22 0.54 0.3 0.58 0.27 0.66 0.2 0.89 0.19 0.73 0.24 1.12 0.23 0.81 0.25 0.73 0.26 1.04 0.17 0.43 0.19 0.43 0.15 0.46 0.2 0.43
0.19 0.81 0.18 0.93 0.15 0.93 0.12 0.97 0.12 1.2 0.22 0.93 0.24 0.97 0.26 1.2 0.17 1.2 0.15 1.35 0.13 1.62 0.0 0.0 0.0 0.0 0.0 0.0 0.17 0.81 0.19 0.77 0.15 0.81 0.2 0.81
0.18 0.46 0.19 0.58 0.16 0.58 0.09 0.66 0.0 0.0 0.22 0.54 0.3 0.58 0.27 0.66 0.2 0.85 0.2 0.77 0.24 1.12 0.23 0.81 0.25 0.73 0.26 1.04 0.17 0.43 0.19 0.43 0.15 0.46 0.21 0.43
0.18 0.46 0.19 0.54 0.16 0.58 0.08 0.66 0.0 0.0 0.22 0.54 0.29 0.58 0.27 0.66 0.2 0.85 0.19 0.73 0.24 1.12 0.23 0.81 0.25 0.73 0.26 1.04 0.17 0.43 0.19 0.43 0.15 0.46 0.2 0.43
0.18 0.46 0.19 0.54 0.15 0.54 0.08 0.66 0.0 0.0 0.22 0.54 0.29 0.58 0.27 0.66 0.2 0.85 0.19 0.77 0.24 1.12 0.23 0.81 0.25 0.73 0.26 1.04 0.17 0.43 0.19 0.43 0.15 0.46 0.2 0.43
0.18 0.46 0.19 0.62 0.15 0.58 0.08 0.7 0.13 0.73 0.22 0.54 0.0 0.0 0.0 0.0 0.2 0.85 0.0 0.0 0.0 0.0 0.23 0.81 0.24 0.73 0.26 1.04 0.17 0.46 0.19 0.43 0.15 0.46 0.2 0.46
0.18 0.5 0.18 0.58 0.15 0.58 0.08 0.7 0.14 0.73 0.21 0.54 0.29 0.58 0.26 0.7 0.19 0.81 0.2 0.89 0.24 1.12 0.22 0.77 0.25 0.77 0.26 1.04 0.17 0.46 0.19 0.43 0.15 0.46 0.2 0.46
0.18 0.46 0.19 0.58 0.15 0.58 0.07 0.7 0.14 0.73 0.21 0.54 0.29 0.58 0.26 0.7 0.19 0.81 0.21 0.89 0.24 1.16 0.22 0.77 0.24 0.73 0.26 1.04 0.17 0.46 0.19 0.43 0.15 0.46 0.2 0.46
0.18 0.46 0.19 0.58 0.15 0.58 0.08 0.66 0.14 0.73 0.21 0.54 0.29 0.58 0.26 0.7 0.19 0.81 0.21 0.89 0.24 1.12 0.22 0.77 0.24 0.73 0.26 1.04 0.17 0.46 0.19 0.43 0.15 0.46 0.2 0.43
0.18 0.46 0.19 0.58 0.15 0.58 0.08 0.7 0.14 0.73 0.21 0.54 0.0 0.0 0.0 0.0 0.19 0.81 0.21 0.89 0.24 1.16 0.22 0.77 0.25 0.73 0.26 1.04 0.17 0.46 0.19 0.43 0.15 0.46 0.2 0.43
0.18 0.46 0.19 0.58 0.15 0.58 0.08 0.7 0.14 0.73 0.22 0.54 0.29 0.58 0.26 0.7 0.19 0.81 0.21 0.89 0.24 1.16 0.22 0.77 0.25 0.73 0.26 1.04 0.17 0.46 0.19 0.43 0.15 0.46 0.2 0.43
0.18 0.46 0.19 0.58 0.15 0.58 0.08 0.66 0.0 0.0 0.22 0.54 0.29 0.58 0.26 0.7 0.2 0.85 0.19 0.77 0.24 1.12 0.23 0.81 0.25 0.73 0.26 1.04 0.17 0.43 0.19 0.43 0.15 0.46 0.2 0.43
0.19 0.85 0.19 0.93 0.15 0.93 0.12 0.97 0.12 1.2 0.22 0.93 0.24 0.97 0.26 1.2 0.17 1.2 0.15 1.35 0.13 1.62 0.0 0.0 0.0 0.0 0.0 0.0 0.18 0.81 0.19 0.81 0.15 0.81 0.2 0.81
0.18 0.46 0.19 0.54 0.16 0.58 0.08 0.66 0.0 0.0 0.22 0.54 0.29 0.58 0.26 0.7 0.2 0.85 0.0 0.0 0.0 0.0 0.23 0.77 0.25 0.77 0.26 1.04 0.17 0.46 0.19 0.43 0.15 0.46 0.2 0.43
0.18 0.46 0.19 0.54 0.16 0.58 0.08 0.66 0.0 0.0 0.22 0.54 0.29 0.58 0.26 0.7 0.19 0.81 0.21 0.85 0.24 1.12 0.22 0.77 0.25 0.73 0.26 1.04 0.17 0.46 0.19 0.43 0.15 0.46 0.2 0.43
0.18 0.46 0.19 0.54 0.15 0.58 0.08 0.66 0.0 0.0 0.22 0.54 0.29 0.58 0.26 0.7 0.19 0.81 0.2 0.77 0.24 1.12 0.23 0.77 0.25 0.77 0.26 1.04 0.17 0.43 0.19 0.43 0.15 0.46 0.2 0.43
0.18 0.46 0.19 0.54 0.15 0.58 0.08 0.66 0.0 0.0 0.22 0.54 0.29 0.58 0.27 0.66 0.19 0.85 0.2 0.81 0.24 1.12 0.23 0.77 0.25 0.73 0.26 1.04 0.17 0.43 0.19 0.43 0.15 0.46 0.2 0.43
0.18 0.5 0.18 0.58 0.15 0.62 0.17 0.73 0.19 0.73 0.2 0.54 0.0 0.0 0.0 0.0 0.19 0.81 0.2 0.89 0.24 1.16 0.22 0.73 0.24 0.77 0.26 1.08 0.16 0.46 0.18 0.46 0.15 0.5 0.19 0.46
0.18 0.5 0.19 0.58 0.15 0.62 0.0 0.0 0.0 0.0 0.22 0.54 0.0 0.0 0.0 0.0 0.19 0.85 0.2 0.89 0.24 1.16 0.23 0.77 0.24 0.77 0.26 1.08 0.17 0.46 0.18 0.46 0.15 0.5 0.2 0.46
0.18 0.5 0.19 0.58 0.17 0.62 0.17 0.73 0.19 0.73 0.21 0.54 0.24 0.66 0.22 0.7 0.2 0.89 0.2 0.85 0.24 1.16 0.23 0.81 0.24 0.73 0.26 1.04 0.17 0.46 0.19 0.43 0.16 0.5 0.2 0.46
0.18 0.5 0.18 0.58 0.16 0.62 0.0 0.0 0.0 0.0 0.21 0.54 0.0 0.0 0.0 0.0 0.19 0.81 0.21 0.89 0.24 1.16 0.22 0.77 0.25 0.73 0.26 1.04 0.17 0.46 0.19 0.43 0.15 0.46 0.2 0.46
0.18 0.5 0.19 0.62 0.18 0.66 0.0 0.0 0.0 0.0 0.21 0.54 0.24 0.62 0.0 0.0 0.2 0.89 0.2 0.85 0.24 1.12 0.23 0.81 0.25 0.77 0.26 1.04 0.17 0.46 0.19 0.43 0.15 0.46 0.2 0.46
0.16 0.62 0.15 0.7 0.13 0.7 0.1 0.85 0.1 1.01 0.19 0.7 0.22 0.81 0.23 0.97 0.14 1.08 0.13 0.97 0.14 1.28 0.18 1.04 0.0 0.0 0.0 0.0 0.15 0.58 0.17 0.58 0.13 0.62 0.19 0.58
0.19 0.81 0.18 0.93 0.15 0.93 0.12 0.97 0.12 1.2 0.22 0.93 0.24 0.97 0.26 1.2 0.17 1.2 0.15 1.35 0.13 1.62 0.0 0.0 0.0 0.0 0.0 0.0 0.18 0.81 0.19 0.81 0.0 0.0 0.2 0.81
0.19 0.62 0.19 0.7 0.16 0.7 0.15 0.89 0.17 1.01 0.23 0.7 0.26 0.73 0.28 0.97 0.2 1.01 0.19 1.01 0.22 1.28 0.23 0.93 0.26 1.01 0.28 1.24 0.18 0.58 0.2 0.58 0.16 0.58 0.22 0.58
0.19 0.62 0.19 0.7 0.15 0.73 0.15 0.89 0.17 1.04 0.22 0.7 0.27 0.85 0.28 0.97 0.2 1.04 0.19 1.04 0.22 1.28 0.23 0.97 0.26 1.01 0.28 1.24 0.18 0.62 0.19 0.58 0.16 0.62 0.21 0.62
0.19 0.62 0.19 0.7 0.15 0.7 0.15 0.89 0.17 1.04 0.23 0.7 0.27 0.85 0.28 0.97 0.2 1.01 0.19 1.01 0.22 1.28 0.24 0.97 0.26 1.01 0.29 1.28 0.18 0.62 0.2 0.58 0.16 0.62 0.22 0.62
0.19 0.62 0.19 0.7 0.16 0.7 0.15 0.89 0.17 1.04 0.23 0.7 0.27 0.85 0.28 0.97 0.2 1.01 0.19 1.04 0.22 1.28 0.24 0.93 0.27 1.01 0.29 1.28 0.18 0.62 0.2 0.58 0.16 0.62 0.22 0.62
0.19 0.62 0.19 0.7 0.16 0.7 0.15 0.89 0.17 1.04 0.23 0.7 0.27 0.85 0.28 0.97 0.2 1.01 0.19 1.01 0.22 1.28 0.24 0.93 0.27 1.04 0.29 1.28 0.18 0.62 0.2 0.58 0.17 0.62 0.22 0.58
0.19 0.66 0.19 0.7 0.15 0.73 0.15 0.89 0.17 1.04 0.23 0.7 0.27 0.85 0.28 0.97 0.2 1.04 0.19 1.04 0.22 1.28 0.24 0.93 0.26 0.97 0.29 1.28 0.18 0.62 0.19 0.58 0.16 0.62 0.21 0.62
0.19 0.66 0.19 0.7 0.15 0.7 0.15 0.89 0.17 1.04 0.23 0.7 0.27 0.85 0.28 0.97 0.18 0.93 0.19 1.01 0.22 1.28 0.24 0.93 0.27 1.01 0.29 1.28 0.18 0.62 0.2 0.58 0.16 0.62 0.22 0.62
0.19 0.66 0.19 0.7 0.15 0.73 0.15 0.89 0.17 1.04 0.23 0.7 0.27 0.85 0.28 0.97 0.18 0.93 0.19 1.01 0.22 1.28 0.24 0.93 0.27 1.01 0.29 1.28 0.18 0.62 0.19 0.58 0.16 0.62 0.22 0.62
0.19 0.62 0.19 0.7 0.15 0.7 0.15 0.89 0.17 1.04 0.23 0.7 0.27 0.85 0.28 0.97 0.0 0.0 0.0 0.0 0.0 0.0 0.24 0.93 0.27 1.08 0.29 1.28 0.18 0.62 0.2 0.58 0.16 0.62 0.22 0.62
0.19 0.62 0.2 0.7 0.16 0.7 0.15 0.89 0.17 1.04 0.23 0.7 0.27 0.81 0.28 0.97 0.2 1.01 0.2 1.04 0.22 1.28 0.24 0.93 0.28 1.08 0.29 1.28 0.18 0.62 0.2 0.58 0.16 0.58 0.22 0.58
0.18 0.85 0.18 0.93 0.15 0.93 0.12 0.97 0.12 1.2 0.21 0.93 0.24 0.97 0.26 1.2 0.0 0.0 0.0 0.0 0.0 0.0 0.0 0.0 0.0 0.0 0.0 0.0 0.17 0.81 0.19 0.81 0.15 0.81 0.2 0.81
0.19 0.62 0.2 0.7 0.16 0.73 0.15 0.89 0.17 1.04 0.23 0.7 0.27 0.85 0.28 0.97 0.2 1.01 0.2 1.04 0.22 1.28 0.24 0.93 0.27 1.01 0.29 1.28 0.18 0.62 0.2 0.58 0.16 0.62 0.22 0.62
0.19 0.62 0.19 0.7 0.15 0.7 0.15 0.89 0.18 1.04 0.23 0.7 0.27 0.85 0.28 0.97 0.0 0.0 0.0 0.0 0.0 0.0 0.25 0.97 0.28 1.12 0.29 1.28 0.18 0.62 0.2 0.58 0.16 0.62 0.22 0.58
0.19 0.62 0.19 0.7 0.15 0.73 0.15 0.89 0.17 1.04 0.23 0.7 0.27 0.85 0.28 0.97 0.2 1.04 0.19 1.04 0.22 1.28 0.23 0.97 0.27 1.04 0.28 1.28 0.17 0.62 0.19 0.58 0.16 0.62 0.21 0.62
0.19 0.62 0.19 0.66 0.15 0.7 0.15 0.89 0.17 1.01 0.23 0.66 0.27 0.85 0.28 0.97 0.2 1.01 0.19 1.01 0.22 1.28 0.24 0.93 0.27 1.04 0.29 1.28 0.17 0.58 0.2 0.58 0.16 0.62 0.21 0.58
0.19 0.62 0.19 0.66 0.15 0.7 0.15 0.89 0.17 1.01 0.23 0.66 0.26 0.81 0.28 0.97 0.2 1.01 0.19 1.04 0.22 1.28 0.24 0.93 0.26 1.01 0.29 1.28 0.17 0.58 0.2 0.58 0.16 0.62 0.21 0.58
0.19 0.62 0.2 0.7 0.15 0.7 0.15 0.89 0.17 1.01 0.23 0.7 0.27 0.85 0.28 0.97 0.2 1.01 0.19 1.01 0.22 1.28 0.24 0.97 0.27 1.04 0.29 1.28 0.17 0.58 0.2 0.58 0.16 0.62 0.21 0.58
0.19 0.62 0.2 0.7 0.15 0.7 0.14 0.89 0.17 1.04 0.23 0.7 0.27 0.85 0.28 0.97 0.2 1.01 0.19 1.04 0.22 1.28 0.24 0.97 0.27 1.01 0.29 1.28 0.17 0.62 0.19 0.58 0.16 0.62 0.21 0.58
0.19 0.62 0.2 0.7 0.15 0.7 0.14 0.89 0.17 1.01 0.23 0.7 0.27 0.85 0.28 0.97 0.2 1.01 0.19 1.04 0.22 1.28 0.24 0.93 0.27 1.01 0.29 1.28 0.17 0.62 0.19 0.58 0.16 0.62 0.21 0.58
0.19 0.62 0.2 0.7 0.15 0.7 0.14 0.89 0.17 1.04 0.23 0.7 0.27 0.85 0.28 0.97 0.2 1.01 0.19 1.04 0.22 1.28 0.24 0.97 0.27 1.01 0.29 1.28 0.17 0.62 0.19 0.58 0.16 0.62 0.21 0.58
0.19 0.62 0.2 0.7 0.15 0.7 0.15 0.89 0.17 1.04 0.23 0.7 0.27 0.85 0.28 0.97 0.2 1.01 0.19 1.04 0.22 1.28 0.24 0.97 0.27 1.04 0.29 1.28 0.17 0.58 0.2 0.58 0.16 0.62 0.21 0.62
0.18 0.85 0.18 0.93 0.15 0.93 0.12 0.97 0.12 1.2 0.21 0.93 0.24 0.97 0.26 1.2 0.16 1.24 0.14 1.59 0.13 1.62 0.0 0.0 0.0 0.0 0.0 0.0 0.17 0.81 0.19 0.81 0.15 0.81 0.2 0.81
0.19 0.54 0.18 0.62 0.15 0.66 0.15 0.81 0.18 0.97 0.21 0.62 0.25 0.73 0.28 0.89 0.19 0.93 0.19 1.01 0.2 1.24 0.22 0.85 0.24 0.89 0.27 1.2 0.19 0.5 0.19 0.5 0.15 0.58 0.0 0.0
0.19 0.54 0.18 0.62 0.15 0.62 0.15 0.81 0.18 0.97 0.2 0.62 0.0 0.0 0.0 0.0 0.19 0.97 0.19 1.04 0.2 1.24 0.22 0.85 0.24 0.89 0.27 1.16 0.18 0.5 0.19 0.5 0.15 0.54 0.0 0.0
0.18 0.54 0.18 0.62 0.14 0.66 0.15 0.81 0.18 0.97 0.2 0.62 0.25 0.73 0.27 0.89 0.18 0.93 0.19 1.01 0.2 1.24 0.22 0.85 0.24 0.89 0.27 1.16 0.17 0.54 0.19 0.5 0.15 0.54 0.0 0.0
0.19 0.54 0.18 0.62 0.14 0.66 0.15 0.85 0.18 0.97 0.2 0.62 0.25 0.77 0.27 0.89 0.18 0.97 0.19 1.04 0.2 1.24 0.22 0.85 0.25 0.97 0.27 1.2 0.17 0.54 0.19 0.5 0.15 0.58 0.0 0.0
0.18 0.54 0.17 0.62 0.14 0.66 0.14 0.85 0.17 0.97 0.19 0.58 0.0 0.0 0.0 0.0 0.18 0.93 0.0 0.0 0.0 0.0 0.22 0.81 0.24 0.73 0.27 0.89 0.18 0.5 0.18 0.5 0.14 0.58 0.0 0.0
0.17 0.54 0.17 0.62 0.14 0.66 0.14 0.85 0.17 0.97 0.19 0.54 0.0 0.0 0.0 0.0 0.18 0.93 0.19 1.01 0.2 1.24 0.21 0.81 0.24 0.73 0.27 0.89 0.16 0.54 0.18 0.5 0.14 0.58 0.0 0.0
0.17 0.58 0.17 0.62 0.14 0.66 0.14 0.85 0.17 0.97 0.2 0.62 0.0 0.0 0.0 0.0 0.18 0.97 0.18 1.04 0.2 1.24 0.21 0.89 0.24 0.97 0.26 1.2 0.16 0.54 0.18 0.5 0.14 0.58 0.18 0.5
0.18 0.54 0.17 0.66 0.14 0.66 0.14 0.85 0.17 0.97 0.2 0.62 0.24 0.77 0.27 0.89 0.18 0.97 0.18 1.08 0.2 1.24 0.21 0.89 0.24 0.97 0.26 1.2 0.16 0.54 0.18 0.5 0.14 0.58 0.0 0.0
0.19 0.5 0.18 0.62 0.15 0.62 0.15 0.81 0.18 0.97 0.21 0.58 0.26 0.73 0.28 0.89 0.19 0.93 0.2 0.97 0.2 1.24 0.22 0.85 0.24 0.89 0.27 1.16 0.19 0.5 0.0 0.0 0.15 0.54 0.0 0.0
0.19 0.54 0.18 0.62 0.15 0.66 0.15 0.81 0.18 0.97 0.22 0.62 0.26 0.73 0.28 0.89 0.19 0.97 0.19 1.04 0.21 1.24 0.22 0.85 0.24 0.89 0.27 1.16 0.18 0.54 0.19 0.5 0.16 0.58 0.0 0.0
0.18 0.85 0.18 0.93 0.15 0.93 0.12 0.97 0.12 1.2 0.22 0.93 0.24 0.97 0.26 1.2 0.17 1.24 0.0 0.0 0.0 0.0 0.0 0.0 0.0 0.0 0.0 0.0 0.18 0.81 0.19 0.81 0.15 0.81 0.2 0.81
0.19 0.54 0.18 0.62 0.15 0.66 0.15 0.81 0.18 0.97 0.21 0.62 0.26 0.73 0.28 0.89 0.19 0.97 0.19 1.04 0.21 1.24 0.22 0.85 0.25 0.89 0.27 1.2 0.18 0.54 0.19 0.5 0.15 0.58 0.0 0.0
0.19 0.54 0.18 0.62 0.15 0.66 0.15 0.81 0.18 0.97 0.21 0.62 0.26 0.73 0.28 0.89 0.19 0.97 0.19 1.04 0.21 1.24 0.22 0.85 0.25 0.93 0.27 1.2 0.18 0.54 0.19 0.5 0.15 0.58 0.0 0.0
0.19 0.54 0.18 0.62 0.15 0.66 0.15 0.81 0.18 0.97 0.21 0.62 0.26 0.73 0.28 0.89 0.19 0.97 0.19 1.08 0.21 1.24 0.22 0.85 0.25 0.93 0.27 1.2 0.19 0.5 0.19 0.5 0.15 0.58 0.0 0.0
0.19 0.54 0.18 0.62 0.15 0.66 0.15 0.85 0.18 0.97 0.21 0.62 0.0 0.0 0.0 0.0 0.19 0.97 0.19 1.04 0.21 1.24 0.22 0.85 0.24 0.93 0.27 1.2 0.19 0.5 0.19 0.5 0.15 0.58 0.0 0.0
0.19 0.54 0.18 0.62 0.15 0.66 0.15 0.81 0.18 0.97 0.2 0.58 0.26 0.73 0.28 0.89 0.19 0.97 0.19 1.04 0.21 1.24 0.22 0.85 0.25 0.93 0.27 1.2 0.18 0.54 0.19 0.5 0.15 0.58 0.0 0.0
0.19 0.54 0.18 0.62 0.15 0.66 0.15 0.81 0.18 0.97 0.21 0.62 0.26 0.73 0.28 0.89 0.19 0.97 0.19 1.04 0.21 1.24 0.22 0.85 0.25 0.93 0.27 1.2 0.18 0.54 0.19 0.5 0.15 0.58 0.0 0.0
0.19 0.54 0.19 0.62 0.16 0.66 0.15 0.81 0.18 0.97 0.22 0.62 0.26 0.73 0.28 0.89 0.19 0.97 0.19 1.04 0.21 1.24 0.22 0.89 0.25 0.89 0.27 1.16 0.19 0.5 0.2 0.5 0.17 0.54 0.0 0.0
0.19 0.54 0.19 0.62 0.15 0.66 0.15 0.81 0.18 0.97 0.22 0.62 0.25 0.73 0.28 0.89 0.19 0.97 0.19 1.08 0.21 1.24 0.22 0.89 0.24 0.85 0.27 1.16 0.19 0.5 0.2 0.5 0.15 0.58 0.0 0.0
0.19 0.54 0.18 0.62 0.15 0.66 0.15 0.81 0.18 0.97 0.21 0.62 0.25 0.73 0.28 0.89 0.19 0.97 0.19 1.01 0.2 1.24 0.22 0.89 0.24 0.89 0.27 1.16 0.19 0.5 0.19 0.5 0.15 0.58 0.0 0.0
0.19 0.54 0.18 0.62 0.16 0.66 0.15 0.81 0.18 0.97 0.21 0.62 0.26 0.73 0.28 0.89 0.2 0.97 0.19 1.04 0.21 1.24 0.23 0.85 0.24 0.89 0.27 1.16 0.18 0.54 0.19 0.5 0.16 0.58 0.0 0.0
0.19 0.81 0.19 0.93 0.15 0.93 0.13 0.97 0.13 1.2 0.23 0.93 0.25 0.97 0.26 1.2 0.17 1.24 0.15 1.35 0.14 1.62 0.0 0.0 0.0 0.0 0.0 0.0 0.18 0.81 0.2 0.81 0.16 0.81 0.21 0.81
0.0 0.0 0.24 0.89 0.21 0.89 0.19 1.08 0.2 1.24 0.27 0.89 0.32 0.97 0.34 1.2 0.23 1.31 0.0 0.0 0.0 0.0 0.27 1.2 0.0 0.0 0.0 0.0 0.0 0.0 0.0 0.0 0.22 0.81 0.0 0.0
0.0 0.0 0.24 0.89 0.21 0.93 0.19 1.08 0.2 1.24 0.28 0.89 0.32 0.97 0.34 1.2 0.0 0.0 0.0 0.0 0.0 0.0 0.27 1.24 0.28 1.16 0.31 1.55 0.0 0.0 0.0 0.0 0.22 0.81 0.0 0.0
0.24 0.85 0.24 0.89 0.21 0.89 0.19 1.08 0.2 1.24 0.28 0.85 0.32 0.97 0.34 1.2 0.23 1.31 0.0 0.0 0.0 0.0 0.27 1.2 0.28 1.12 0.32 1.55 0.24 0.81 0.25 0.77 0.22 0.81 0.0 0.0
0.25 0.85 0.25 0.89 0.21 0.93 0.19 1.08 0.2 1.24 0.29 0.89 0.32 1.01 0.34 1.2 0.0 0.0 0.0 0.0 0.0 0.0 0.0 0.0 0.0 0.0 0.0 0.0 0.24 0.81 0.0 0.0 0.22 0.81 0.0 0.0
0.25 0.85 0.25 0.89 0.22 0.89 0.19 1.08 0.2 1.24 0.28 0.89 0.32 0.97 0.34 1.2 0.0 0.0 0.0 0.0 0.0 0.0 0.0 0.0 0.0 0.0 0.0 0.0 0.24 0.81 0.26 0.77 0.22 0.81 0.0 0.0
0.25 0.85 0.25 0.89 0.22 0.93 0.19 1.08 0.2 1.24 0.28 0.89 0.32 0.97 0.34 1.2 0.0 0.0 0.0 0.0 0.0 0.0 0.28 1.2 0.0 0.0 0.0 0.0 0.0 0.0 0.0 0.0 0.23 0.81 0.0 0.0
0.0 0.0 0.25 0.89 0.22 0.89 0.19 1.08 0.2 1.24 0.29 0.89 0.32 0.97 0.34 1.2 0.24 1.28 0.0 0.0 0.0 0.0 0.28 1.2 0.0 0.0 0.0 0.0 0.0 0.0 0.0 0.0 0.23 0.81 0.0 0.0
0.25 0.89 0.25 0.93 0.21 0.93 0.19 1.08 0.2 1.24 0.29 0.89 0.32 1.04 0.34 1.24 0.23 1.31 0.0 0.0 0.0 0.0 0.0 0.0 0.0 0.0 0.0 0.0 0.24 0.81 0.0 0.0 0.22 0.81 0.0 0.0
0.26 0.85 0.25 0.93 0.22 0.93 0.19 1.08 0.2 1.24 0.29 0.89 0.32 1.04 0.34 1.2 0.0 0.0 0.0 0.0 0.0 0.0 0.0 0.0 0.0 0.0 0.0 0.0 0.24 0.81 0.26 0.81 0.23 0.81 0.27 0.81
0.26 0.85 0.25 0.89 0.22 0.93 0.19 1.08 0.2 1.24 0.29 0.89 0.32 0.97 0.34 1.2 0.24 1.31 0.0 0.0 0.0 0.0 0.0 0.0 0.0 0.0 0.0 0.0 0.24 0.81 0.26 0.77 0.23 0.81 0.27 0.81
0.22 0.77 0.22 0.85 0.19 0.85 0.16 0.93 0.16 1.08 0.25 0.89 0.27 0.93 0.27 1.12 0.2 1.08 0.18 1.24 0.18 1.47 0.23 1.12 0.26 1.31 0.24 1.47 0.21 0.77 0.23 0.77 0.19 0.77 0.24 0.77
0.26 0.85 0.25 0.89 0.22 0.93 0.19 1.08 0.2 1.24 0.29 0.89 0.32 0.97 0.34 1.2 0.24 1.31 0.0 0.0 0.0 0.0 0.28 1.2 0.29 1.16 0.32 1.55 0.24 0.81 0.26 0.81 0.23 0.81 0.0 0.0
0.0 0.0 0.23 0.89 0.2 0.89 0.18 1.08 0.19 1.2 0.27 0.85 0.31 0.93 0.33 1.2 0.0 0.0 0.0 0.0 0.0 0.0 0.27 1.16 0.0 0.0 0.0 0.0 0.0 0.0 0.0 0.0 0.21 0.81 0.0 0.0
0.0 0.0 0.23 0.89 0.2 0.89 0.18 1.08 0.19 1.24 0.27 0.85 0.31 0.97 0.33 1.2 0.0 0.0 0.0 0.0 0.0 0.0 0.0 0.0 0.0 0.0 0.0 0.0 0.0 0.0 0.0 0.0 0.21 0.81 0.0 0.0
0.25 0.81 0.24 0.89 0.2 0.89 0.18 1.04 0.19 1.2 0.27 0.85 0.31 0.97 0.33 1.2 0.0 0.0 0.0 0.0 0.0 0.0 0.27 1.2 0.0 0.0 0.0 0.0 0.0 0.0 0.25 0.77 0.22 0.81 0.0 0.0
0.0 0.0 0.24 0.89 0.2 0.89 0.19 1.04 0.19 1.2 0.27 0.89 0.31 0.97 0.33 1.2 0.0 0.0 0.0 0.0 0.0 0.0 0.0 0.0 0.0 0.0 0.0 0.0 0.0 0.0 0.0 0.0 0.22 0.81 0.0 0.0
0.24 0.85 0.24 0.89 0.2 0.89 0.19 1.08 0.19 1.2 0.27 0.85 0.31 0.93 0.33 1.16 0.0 0.0 0.0 0.0 0.0 0.0 0.0 0.0 0.0 0.0 0.0 0.0 0.23 0.81 0.0 0.0 0.22 0.81 0.0 0.0
0.0 0.0 0.24 0.89 0.2 0.89 0.19 1.08 0.19 1.2 0.27 0.89 0.31 0.93 0.33 1.2 0.0 0.0 0.0 0.0 0.0 0.0 0.27 1.2 0.0 0.0 0.0 0.0 0.0 0.0 0.0 0.0 0.22 0.81 0.0 0.0
0.24 0.85 0.24 0.89 0.2 0.89 0.19 1.08 0.19 1.24 0.27 0.89 0.31 0.97 0.33 1.2 0.23 1.31 0.0 0.0 0.0 0.0 0.27 1.24 0.0 0.0 0.0 0.0 0.23 0.77 0.0 0.0 0.22 0.81 0.0 0.0
0.24 0.81 0.24 0.89 0.2 0.93 0.19 1.08 0.19 1.24 0.27 0.89 0.31 0.97 0.34 1.2 0.23 1.31 0.0 0.0 0.0 0.0 0.27 1.2 0.0 0.0 0.0 0.0 0.23 0.81 0.25 0.77 0.22 0.81 0.0 0.0
0.24 0.85 0.24 0.89 0.2 0.93 0.19 1.08 0.19 1.24 0.27 0.85 0.31 0.97 0.34 1.2 0.23 1.31 0.0 0.0 0.0 0.0 0.27 1.2 0.0 0.0 0.0 0.0 0.23 0.81 0.24 0.77 0.22 0.81 0.0 0.0
0.18 0.85 0.17 0.97 0.14 0.97 0.11 1.01 0.11 1.24 0.2 0.93 0.24 0.97 0.25 1.24 0.16 1.24 0.14 1.35 0.14 1.66 0.0 0.0 0.0 0.0 0.0 0.0 0.16 0.81 0.18 0.81 0.14 0.85 0.2 0.85
0.22 0.77 0.22 0.85 0.19 0.85 0.16 0.97 0.15 1.12 0.25 0.89 0.27 0.93 0.27 1.12 0.2 1.08 0.18 1.2 0.17 1.47 0.23 1.12 0.26 1.31 0.23 1.47 0.21 0.73 0.23 0.77 0.2 0.77 0.24 0.77
0.32 0.85 0.33 0.93 0.29 0.89 0.27 0.85 0.23 0.77 0.36 0.89 0.38 0.85 0.41 0.73 0.3 1.2 0.0 0.0 0.0 0.0 0.36 1.16 0.38 1.2 0.4 1.51 0.31 0.81 0.34 0.81 0.3 0.81 0.35 0.81
0.32 0.85 0.32 0.89 0.29 0.89 0.27 0.85 0.23 0.77 0.36 0.89 0.38 0.85 0.4 0.77 0.3 1.2 0.0 0.0 0.0 0.0 0.0 0.0 0.0 0.0 0.0 0.0 0.31 0.81 0.34 0.81 0.3 0.81 0.35 0.81
0.32 0.85 0.32 0.89 0.29 0.89 0.27 0.85 0.23 0.81 0.36 0.89 0.38 0.85 0.41 0.77 0.3 1.2 0.0 0.0 0.0 0.0 0.35 1.2 0.37 1.2 0.4 1.51 0.31 0.81 0.34 0.81 0.3 0.81 0.35 0.81
0.32 0.85 0.34 0.93 0.32 0.93 0.26 0.85 0.23 0.81 0.35 0.89 0.38 0.85 0.4 0.77 0.29 1.2 0.0 0.0 0.0 0.0 0.0 0.0 0.0 0.0 0.0 0.0 0.31 0.81 0.33 0.81 0.29 0.81 0.35 0.81
0.32 0.85 0.34 0.93 0.32 0.93 0.26 0.85 0.23 0.81 0.35 0.89 0.38 0.85 0.4 0.77 0.29 1.2 0.0 0.0 0.0 0.0 0.0 0.0 0.0 0.0 0.0 0.0 0.31 0.81 0.33 0.81 0.29 0.81 0.35 0.81
0.32 0.85 0.32 0.89 0.28 0.89 0.26 0.85 0.22 0.81 0.35 0.93 0.38 0.85 0.4 0.77 0.29 1.24 0.0 0.0 0.0 0.0 0.0 0.0 0.0 0.0 0.0 0.0 0.3 0.81 0.32 0.81 0.28 0.81 0.34 0.81
0.31 0.85 0.31 0.89 0.28 0.89 0.26 0.85 0.22 0.77 0.35 0.93 0.37 0.85 0.4 0.77 0.29 1.24 0.0 0.0 0.0 0.0 0.33 1.2 0.0 0.0 0.0 0.0 0.3 0.81 0.32 0.81 0.28 0.81 0.34 0.81
0.31 0.85 0.31 0.89 0.28 0.89 0.26 0.85 0.22 0.81 0.35 0.89 0.37 0.85 0.4 0.77 0.0 0.0 0.0 0.0 0.0 0.0 0.34 1.2 0.0 0.0 0.0 0.0 0.3 0.81 0.32 0.81 0.28 0.81 0.34 0.81
0.31 0.85 0.32 0.93 0.27 0.89 0.25 0.85 0.21 0.77 0.35 0.89 0.37 0.85 0.39 0.77 0.28 1.2 0.0 0.0 0.0 0.0 0.0 0.0 0.0 0.0 0.0 0.0 0.3 0.81 0.32 0.81 0.28 0.81 0.34 0.81
0.31 0.81 0.31 0.89 0.28 0.89 0.26 0.85 0.22 0.81 0.35 0.89 0.37 0.85 0.4 0.73 0.28 1.2 0.0 0.0 0.0 0.0 0.0 0.0 0.0 0.0 0.0 0.0 0.3 0.81 0.32 0.81 0.28 0.81 0.34 0.81
0.22 0.77 0.22 0.85 0.19 0.85 0.16 0.93 0.15 1.12 0.24 0.89 0.27 0.93 0.27 1.12 0.19 1.12 0.18 1.2 0.17 1.47 0.23 1.12 0.25 1.31 0.23 1.47 0.21 0.73 0.23 0.77 0.2 0.77 0.24 0.77
0.33 0.81 0.32 0.89 0.3 0.89 0.27 0.85 0.23 0.77 0.36 0.89 0.39 0.85 0.41 0.73 0.3 1.2 0.32 1.28 0.34 1.51 0.36 1.16 0.0 0.0 0.0 0.0 0.32 0.81 0.34 0.81 0.3 0.81 0.35 0.81
0.33 0.81 0.33 0.89 0.3 0.89 0.27 0.85 0.23 0.77 0.36 0.89 0.39 0.85 0.41 0.73 0.31 1.2 0.0 0.0 0.0 0.0 0.36 1.16 0.38 1.2 0.41 1.51 0.32 0.81 0.34 0.81 0.3 0.81 0.35 0.81
0.33 0.85 0.33 0.89 0.3 0.89 0.27 0.85 0.23 0.77 0.36 0.89 0.39 0.85 0.41 0.73 0.0 0.0 0.0 0.0 0.0 0.0 0.36 1.16 0.38 1.2 0.41 1.51 0.31 0.81 0.34 0.81 0.3 0.81 0.35 0.81
0.33 0.81 0.35 0.93 0.33 0.93 0.27 0.85 0.23 0.77 0.36 0.89 0.39 0.85 0.41 0.73 0.3 1.2 0.0 0.0 0.0 0.0 0.36 1.16 0.0 0.0 0.0 0.0 0.31 0.81 0.34 0.81 0.3 0.81 0.35 0.81
0.32 0.81 0.32 0.89 0.3 0.89 0.27 0.85 0.23 0.77 0.36 0.89 0.38 0.85 0.41 0.73 0.0 0.0 0.0 0.0 0.0 0.0 0.35 1.16 0.0 0.0 0.0 0.0 0.31 0.81 0.34 0.81 0.3 0.81 0.35 0.81
0.32 0.81 0.34 0.93 0.29 0.89 0.27 0.85 0.23 0.77 0.36 0.89 0.38 0.85 0.41 0.73 0.3 1.2 0.0 0.0 0.0 0.0 0.0 0.0 0.0 0.0 0.0 0.0 0.31 0.81 0.34 0.81 0.3 0.81 0.35 0.81
0.32 0.81 0.34 0.93 0.29 0.89 0.27 0.85 0.23 0.77 0.36 0.89 0.38 0.85 0.41 0.73 0.3 1.2 0.0 0.0 0.0 0.0 0.0 0.0 0.0 0.0 0.0 0.0 0.31 0.81 0.34 0.81 0.3 0.81 0.35 0.81
0.32 0.81 0.32 0.89 0.29 0.89 0.27 0.85 0.23 0.77 0.36 0.89 0.38 0.85 0.41 0.73 0.3 1.2 0.0 0.0 0.0 0.0 0.34 1.16 0.37 1.2 0.4 1.51 0.31 0.81 0.34 0.81 0.3 0.81 0.35 0.81
0.32 0.81 0.35 0.93 0.33 0.93 0.27 0.85 0.23 0.77 0.36 0.89 0.38 0.85 0.41 0.73 0.3 1.2 0.0 0.0 0.0 0.0 0.0 0.0 0.0 0.0 0.0 0.0 0.31 0.81 0.34 0.81 0.3 0.81 0.35 0.81
0.32 0.81 0.35 0.93 0.33 0.93 0.27 0.85 0.23 0.77 0.36 0.89 0.38 0.85 0.41 0.73 0.34 1.24 0.0 0.0 0.0 0.0 0.37 1.2 0.0 0.0 0.0 0.0 0.31 0.81 0.34 0.81 0.3 0.81 0.35 0.81
0.22 0.77 0.22 0.85 0.19 0.85 0.16 0.89 0.15 1.08 0.25 0.89 0.27 0.89 0.27 1.12 0.2 1.08 0.18 1.2 0.17 1.47 0.23 1.12 0.26 1.31 0.24 1.47 0.21 0.73 0.23 0.73 0.2 0.77 0.24 0.77
0.2 0.58 0.22 0.7 0.15 0.73 0.11 0.81 0.18 0.89 0.23 0.62 0.0 0.0 0.0 0.0 0.24 0.97 0.22 1.01 0.26 1.24 0.26 0.89 0.27 0.89 0.31 1.24 0.2 0.58 0.21 0.54 0.0 0.0 0.0 0.0
0.2 0.62 0.2 0.66 0.18 0.73 0.11 0.81 0.17 0.93 0.22 0.62 0.24 0.66 0.23 0.62 0.24 1.01 0.22 1.01 0.26 1.28 0.26 0.93 0.28 0.89 0.31 1.28 0.19 0.58 0.2 0.58 0.18 0.62 0.21 0.54
0.21 0.62 0.22 0.7 0.19 0.73 0.11 0.81 0.18 0.93 0.24 0.66 0.0 0.0 0.0 0.0 0.23 1.04 0.22 1.01 0.26 1.28 0.26 0.93 0.28 0.89 0.31 1.28 0.2 0.58 0.22 0.54 0.19 0.62 0.0 0.0
0.2 0.62 0.22 0.7 0.2 0.77 0.0 0.0 0.0 0.0 0.24 0.66 0.27 0.77 0.0 0.0 0.23 1.01 0.22 1.01 0.26 1.28 0.27 0.97 0.28 0.89 0.31 1.28 0.19 0.62 0.2 0.58 0.0 0.0 0.22 0.54
0.22 0.62 0.22 0.73 0.2 0.77 0.21 0.89 0.24 0.89 0.24 0.66 0.25 0.66 0.24 0.66 0.24 1.04 0.2 0.97 0.26 1.28 0.27 0.97 0.29 0.93 0.31 1.28 0.21 0.58 0.22 0.58 0.0 0.0 0.0 0.0
0.22 0.62 0.23 0.73 0.0 0.0 0.0 0.0 0.0 0.0 0.25 0.7 0.0 0.0 0.0 0.0 0.25 1.04 0.23 1.04 0.26 1.28 0.27 0.97 0.29 0.93 0.32 1.28 0.21 0.58 0.22 0.58 0.0 0.0 0.0 0.0
0.0 0.0 0.2 0.7 0.0 0.0 0.0 0.0 0.0 0.0 0.22 0.66 0.27 0.73 0.24 0.7 0.24 1.04 0.2 1.01 0.26 1.31 0.27 0.97 0.29 0.97 0.31 1.31 0.0 0.0 0.0 0.0 0.0 0.0 0.0 0.0
0.2 0.66 0.22 0.77 0.19 0.81 0.0 0.0 0.0 0.0 0.23 0.7 0.0 0.0 0.0 0.0 0.24 1.08 0.2 1.01 0.0 0.0 0.26 0.97 0.28 0.97 0.31 1.31 0.2 0.66 0.21 0.62 0.0 0.0 0.22 0.62
0.22 0.77 0.23 0.85 0.21 0.85 0.16 0.89 0.16 1.08 0.25 0.89 0.27 0.93 0.27 1.12 0.2 1.08 0.18 1.16 0.17 1.47 0.23 1.12 0.26 1.31 0.23 1.47 0.22 0.73 0.23 0.73 0.0 0.0 0.24 0.77
0.21 0.66 0.22 0.77 0.0 0.0 0.0 0.0 0.0 0.0 0.25 0.73 0.0 0.0 0.0 0.0 0.24 1.08 0.2 1.01 0.26 1.31 0.27 1.01 0.28 1.01 0.31 1.35 0.2 0.62 0.22 0.62 0.0 0.0 0.0 0.0
0.21 0.66 0.21 0.81 0.19 0.85 0.11 0.89 0.18 1.01 0.23 0.73 0.26 0.77 0.23 0.73 0.24 1.08 0.22 1.04 0.26 1.35 0.26 1.01 0.28 1.01 0.31 1.35 0.2 0.66 0.0 0.0 0.0 0.0 0.0 0.0
0.19 0.62 0.21 0.7 0.19 0.73 0.0 0.0 0.0 0.0 0.23 0.62 0.23 0.66 0.22 0.62 0.23 1.01 0.21 0.97 0.25 1.24 0.26 0.93 0.28 0.89 0.31 1.24 0.0 0.0 0.19 0.54 0.0 0.0 0.2 0.54
0.2 0.58 0.21 0.7 0.19 0.73 0.0 0.0 0.0 0.0 0.23 0.62 0.0 0.0 0.0 0.0 0.23 1.01 0.22 0.97 0.25 1.24 0.26 0.93 0.27 0.89 0.31 1.24 0.2 0.54 0.21 0.54 0.0 0.0 0.0 0.0
0.2 0.58 0.21 0.7 0.19 0.73 0.11 0.77 0.17 0.89 0.23 0.62 0.24 0.62 0.23 0.62 0.23 0.97 0.22 1.01 0.25 1.24 0.26 0.89 0.28 0.89 0.31 1.28 0.2 0.54 0.2 0.54 0.0 0.0 0.0 0.0
0.21 0.58 0.22 0.7 0.0 0.0 0.0 0.0 0.0 0.0 0.24 0.62 0.0 0.0 0.0 0.0 0.23 1.01 0.22 1.01 0.25 1.24 0.26 0.93 0.28 0.89 0.31 1.28 0.2 0.54 0.21 0.54 0.0 0.0 0.0 0.0
0.2 0.58 0.23 0.7 0.2 0.73 0.0 0.0 0.0 0.0 0.24 0.62 0.0 0.0 0.0 0.0 0.24 1.01 0.22 1.01 0.25 1.24 0.26 0.93 0.28 0.89 0.31 1.24 0.2 0.58 0.21 0.54 0.0 0.0 0.23 0.54
0.19 0.62 0.21 0.7 0.19 0.73 0.0 0.0 0.0 0.0 0.23 0.62 0.26 0.7 0.23 0.62 0.23 1.01 0.19 0.93 0.26 1.24 0.26 0.93 0.28 0.89 0.31 1.24 0.19 0.58 0.2 0.54 0.0 0.0 0.21 0.54
0.22 0.77 0.23 0.85 0.2 0.85 0.17 0.89 0.19 0.77 0.25 0.89 0.27 0.89 0.27 1.12 0.2 1.08 0.18 1.2 0.17 1.47 0.23 1.12 0.26 1.31 0.23 1.47 0.22 0.73 0.23 0.73 0.0 0.0 0.24 0.77
0.38 0.7 0.36 0.81 0.34 0.81 0.34 1.01 0.36 1.12 0.39 0.81 0.41 0.89 0.43 1.01 0.36 1.2 0.0 0.0 0.0 0.0 0.39 1.12 0.0 0.0 0.0 0.0 0.38 0.7 0.0 0.0 0.36 0.7 0.0 0.0
0.38 0.7 0.36 0.81 0.34 0.81 0.34 1.01 0.36 1.12 0.39 0.81 0.41 0.93 0.43 1.01 0.36 1.16 0.35 1.24 0.36 1.39 0.39 1.08 0.41 1.04 0.41 1.31 0.38 0.7 0.0 0.0 0.35 0.7 0.0 0.0
0.44 0.7 0.43 0.77 0.4 0.81 0.4 1.01 0.42 1.08 0.45 0.77 0.0 0.0 0.0 0.0 0.42 1.12 0.4 1.24 0.42 1.39 0.45 1.08 0.0 0.0 0.0 0.0 0.44 0.7 0.0 0.0 0.42 0.7 0.0 0.0
0.44 0.7 0.42 0.81 0.4 0.81 0.39 1.01 0.41 1.08 0.44 0.81 0.0 0.0 0.0 0.0 0.41 1.12 0.4 1.24 0.41 1.39 0.45 1.08 0.0 0.0 0.0 0.0 0.43 0.7 0.0 0.0 0.41 0.7 0.0 0.0
0.44 0.7 0.43 0.81 0.4 0.81 0.39 0.97 0.41 1.08 0.45 0.81 0.0 0.0 0.0 0.0 0.41 1.12 0.4 1.24 0.41 1.39 0.45 1.08 0.0 0.0 0.0 0.0 0.43 0.7 0.0 0.0 0.42 0.7 0.0 0.0
0.44 0.7 0.42 0.81 0.39 0.81 0.38 0.97 0.41 1.08 0.44 0.81 0.0 0.0 0.0 0.0 0.4 1.16 0.0 0.0 0.0 0.0 0.0 0.0 0.0 0.0 0.0 0.0 0.43 0.66 0.0 0.0 0.41 0.7 0.0 0.0
0.41 0.7 0.4 0.81 0.39 0.81 0.36 0.97 0.39 1.08 0.42 0.77 0.44 0.89 0.45 1.01 0.38 1.12 0.38 1.24 0.38 1.35 0.0 0.0 0.0 0.0 0.0 0.0 0.4 0.66 0.41 0.66 0.39 0.7 0.0 0.0
0.41 0.7 0.39 0.77 0.36 0.77 0.36 0.97 0.38 1.08 0.41 0.77 0.44 0.89 0.45 1.01 0.38 1.12 0.0 0.0 0.0 0.0 0.0 0.0 0.0 0.0 0.0 0.0 0.4 0.66 0.41 0.66 0.38 0.7 0.0 0.0
0.4 0.7 0.38 0.81 0.35 0.81 0.34 1.01 0.37 1.12 0.4 0.81 0.42 0.93 0.44 1.04 0.36 1.16 0.35 1.24 0.37 1.39 0.39 1.12 0.41 1.04 0.41 1.31 0.39 0.7 0.4 0.66 0.36 0.7 0.0 0.0
0.39 0.7 0.38 0.81 0.35 0.81 0.34 1.01 0.37 1.12 0.4 0.81 0.42 0.93 0.44 1.01 0.36 1.12 0.35 1.24 0.37 1.39 0.4 1.08 0.0 0.0 0.0 0.0 0.39 0.7 0.0 0.0 0.36 0.7 0.0 0.0
0.22 0.77 0.23 0.85 0.2 0.85 0.16 0.89 0.19 0.77 0.25 0.89 0.27 0.89 0.27 1.12 0.2 1.08 0.18 1.2 0.17 1.47 0.23 1.12 0.26 1.31 0.23 1.47 0.22 0.73 0.23 0.73 0.0 0.0 0.24 0.77
0.39 0.7 0.38 0.81 0.35 0.81 0.34 0.97 0.36 1.08 0.4 0.81 0.42 0.93 0.44 1.01 0.36 1.16 0.36 1.24 0.36 1.39 0.39 1.08 0.42 1.04 0.41 1.31 0.39 0.7 0.39 0.66 0.36 0.7 0.0 0.0
0.39 0.7 0.37 0.81 0.35 0.81 0.34 0.97 0.36 1.08 0.39 0.81 0.42 0.93 0.43 1.01 0.36 1.12 0.35 1.24 0.36 1.39 0.39 1.08 0.0 0.0 0.0 0.0 0.38 0.7 0.0 0.0 0.36 0.7 0.0 0.0
0.39 0.7 0.38 0.81 0.35 0.81 0.34 1.01 0.37 1.12 0.4 0.81 0.43 0.89 0.4 0.97 0.36 1.16 0.36 1.2 0.36 1.39 0.39 1.16 0.0 0.0 0.0 0.0 0.39 0.66 0.39 0.66 0.38 0.7 0.0 0.0
0.44 0.7 0.42 0.81 0.4 0.81 0.38 0.97 0.41 1.12 0.44 0.81 0.0 0.0 0.0 0.0 0.0 0.0 0.0 0.0 0.0 0.0 0.0 0.0 0.0 0.0 0.0 0.0 0.43 0.7 0.0 0.0 0.41 0.7 0.0 0.0
0.44 0.7 0.42 0.81 0.4 0.81 0.39 1.01 0.41 1.12 0.45 0.77 0.0 0.0 0.0 0.0 0.0 0.0 0.0 0.0 0.0 0.0 0.0 0.0 0.0 0.0 0.0 0.0 0.44 0.7 0.0 0.0 0.41 0.7 0.0 0.0
0.45 0.7 0.42 0.81 0.4 0.81 0.39 0.97 0.41 1.08 0.44 0.77 0.0 0.0 0.0 0.0 0.41 1.12 0.41 1.24 0.41 1.39 0.44 1.08 0.0 0.0 0.0 0.0 0.44 0.7 0.0 0.0 0.42 0.7 0.0 0.0
0.44 0.7 0.43 0.81 0.4 0.81 0.39 1.01 0.42 1.12 0.45 0.77 0.0 0.0 0.0 0.0 0.41 1.12 0.41 1.24 0.41 1.39 0.45 1.08 0.0 0.0 0.0 0.0 0.44 0.7 0.0 0.0 0.41 0.7 0.0 0.0
0.45 0.7 0.43 0.81 0.4 0.81 0.39 1.01 0.42 1.12 0.45 0.81 0.0 0.0 0.0 0.0 0.41 1.12 0.4 1.24 0.41 1.39 0.44 1.08 0.0 0.0 0.0 0.0 0.44 0.7 0.45 0.66 0.41 0.7 0.0 0.0
0.44 0.7 0.42 0.81 0.4 0.81 0.39 1.01 0.42 1.12 0.44 0.77 0.0 0.0 0.0 0.0 0.42 1.12 0.41 1.24 0.41 1.39 0.45 1.08 0.0 0.0 0.0 0.0 0.44 0.7 0.0 0.0 0.41 0.73 0.0 0.0
0.45 0.7 0.43 0.77 0.4 0.81 0.39 0.97 0.42 1.08 0.45 0.77 0.0 0.0 0.0 0.0 0.42 1.12 0.41 1.24 0.42 1.39 0.45 1.08 0.0 0.0 0.0 0.0 0.44 0.7 0.45 0.66 0.43 0.7 0.0 0.0
0.22 0.77 0.23 0.85 0.2 0.85 0.17 0.89 0.16 1.08 0.25 0.85 0.27 0.89 0.27 1.12 0.2 1.08 0.18 1.2 0.17 1.47 0.23 1.12 0.26 1.31 0.23 1.47 0.22 0.73 0.23 0.73 0.0 0.0 0.24 0.77
0.11 0.62 0.14 0.7 0.09 0.73 0.09 0.85 0.1 1.04 0.18 0.7 0.22 0.73 0.23 1.04 0.0 0.0 0.0 0.0 0.0 0.0 0.2 1.01 0.0 0.0 0.0 0.0 0.1 0.58 0.12 0.58 0.09 0.58 0.15 0.58
0.11 0.62 0.14 0.7 0.1 0.7 0.09 0.85 0.1 1.04 0.18 0.7 0.22 0.73 0.23 1.04 0.0 0.0 0.0 0.0 0.0 0.0 0.0 0.0 0.0 0.0 0.0 0.0 0.1 0.58 0.13 0.58 0.09 0.58 0.15 0.58
0.11 0.62 0.15 0.7 0.09 0.7 0.09 0.85 0.1 1.01 0.18 0.66 0.22 0.73 0.23 1.01 0.0 0.0 0.0 0.0 0.0 0.0 0.0 0.0 0.0 0.0 0.0 0.0 0.1 0.58 0.13 0.58 0.09 0.58 0.15 0.58
0.11 0.58 0.15 0.7 0.09 0.7 0.09 0.85 0.1 1.01 0.18 0.66 0.22 0.73 0.23 1.04 0.0 0.0 0.0 0.0 0.0 0.0 0.21 1.01 0.0 0.0 0.0 0.0 0.1 0.58 0.13 0.54 0.09 0.58 0.15 0.54
0.11 0.58 0.14 0.7 0.09 0.7 0.09 0.85 0.1 1.01 0.18 0.66 0.22 0.73 0.23 1.01 0.0 0.0 0.0 0.0 0.0 0.0 0.0 0.0 0.0 0.0 0.0 0.0 0.1 0.54 0.13 0.54 0.09 0.54 0.15 0.54
0.11 0.58 0.14 0.7 0.1 0.7 0.09 0.81 0.1 1.01 0.18 0.66 0.22 0.73 0.23 1.01 0.0 0.0 0.0 0.0 0.0 0.0 0.21 0.97 0.0 0.0 0.0 0.0 0.1 0.54 0.12 0.54 0.09 0.54 0.15 0.54
0.11 0.58 0.14 0.66 0.1 0.66 0.1 0.81 0.1 1.01 0.18 0.66 0.22 0.7 0.23 1.01 0.0 0.0 0.0 0.0 0.0 0.0 0.0 0.0 0.0 0.0 0.0 0.0 0.1 0.54 0.13 0.54 0.09 0.54 0.15 0.54
0.11 0.58 0.15 0.66 0.11 0.66 0.1 0.81 0.11 0.97 0.18 0.66 0.22 0.7 0.23 0.97 0.0 0.0 0.0 0.0 0.0 0.0 0.0 0.0 0.0 0.0 0.0 0.0 0.1 0.54 0.13 0.5 0.09 0.54 0.16 0.54
0.13 0.62 0.15 0.73 0.11 0.73 0.1 0.85 0.11 1.04 0.19 0.7 0.23 0.77 0.24 1.04 0.0 0.0 0.0 0.0 0.0 0.0 0.22 1.01 0.0 0.0 0.0 0.0 0.11 0.58 0.14 0.58 0.1 0.58 0.17 0.58
0.13 0.62 0.15 0.73 0.1 0.73 0.1 0.89 0.11 1.04 0.19 0.7 0.22 0.73 0.24 1.04 0.0 0.0 0.0 0.0 0.0 0.0 0.0 0.0 0.0 0.0 0.0 0.0 0.11 0.58 0.14 0.58 0.1 0.58 0.17 0.58
0.22 0.81 0.22 0.89 0.19 0.89 0.17 0.93 0.16 1.12 0.25 0.89 0.27 0.93 0.28 1.12 0.2 1.12 0.19 1.24 0.18 1.47 0.24 1.12 0.26 1.31 0.24 1.47 0.22 0.77 0.23 0.77 0.2 0.81 0.24 0.81
0.13 0.62 0.15 0.73 0.11 0.73 0.1 0.89 0.11 1.04 0.19 0.7 0.23 0.77 0.23 1.04 0.0 0.0 0.0 0.0 0.0 0.0 0.22 1.04 0.0 0.0 0.0 0.0 0.11 0.58 0.14 0.58 0.1 0.58 0.17 0.58
0.12 0.62 0.16 0.73 0.1 0.73 0.1 0.89 0.11 1.04 0.19 0.7 0.23 0.77 0.24 1.04 0.0 0.0 0.0 0.0 0.0 0.0 0.0 0.0 0.0 0.0 0.0 0.0 0.11 0.58 0.14 0.58 0.1 0.58 0.17 0.58
0.13 0.62 0.15 0.7 0.1 0.73 0.1 0.85 0.11 1.04 0.19 0.7 0.23 0.73 0.24 1.04 0.0 0.0 0.0 0.0 0.0 0.0 0.0 0.0 0.0 0.0 0.0 0.0 0.11 0.58 0.14 0.58 0.1 0.58 0.17 0.58
0.12 0.62 0.15 0.7 0.11 0.7 0.1 0.85 0.1 1.04 0.19 0.7 0.23 0.77 0.23 1.04 0.0 0.0 0.0 0.0 0.0 0.0 0.0 0.0 0.0 0.0 0.0 0.0 0.11 0.58 0.14 0.58 0.1 0.58 0.17 0.58
0.12 0.62 0.15 0.7 0.1 0.7 0.1 0.85 0.1 1.04 0.18 0.7 0.22 0.73 0.23 1.04 0.0 0.0 0.0 0.0 0.0 0.0 0.0 0.0 0.0 0.0 0.0 0.0 0.11 0.58 0.13 0.58 0.1 0.58 0.16 0.58
0.11 0.62 0.14 0.7 0.1 0.73 0.09 0.85 0.1 1.01 0.18 0.7 0.22 0.73 0.23 1.04 0.0 0.0 0.0 0.0 0.0 0.0 0.0 0.0 0.0 0.0 0.0 0.0 0.1 0.58 0.13 0.58 0.09 0.58 0.16 0.58
0.11 0.62 0.14 0.73 0.09 0.73 0.09 0.89 0.1 1.04 0.18 0.7 0.22 0.77 0.23 1.04 0.0 0.0 0.0 0.0 0.0 0.0 0.21 1.01 0.0 0.0 0.0 0.0 0.1 0.58 0.13 0.58 0.09 0.58 0.15 0.58
0.11 0.62 0.14 0.7 0.1 0.7 0.09 0.85 0.1 1.04 0.17 0.7 0.21 0.73 0.23 1.04 0.0 0.0 0.0 0.0 0.0 0.0 0.0 0.0 0.0 0.0 0.0 0.0 0.1 0.58 0.13 0.58 0.09 0.58 0.15 0.58
0.11 0.62 0.14 0.73 0.09 0.73 0.09 0.85 0.1 1.04 0.18 0.7 0.21 0.73 0.23 1.04 0.0 0.0 0.0 0.0 0.0 0.0 0.2 1.01 0.0 0.0 0.0 0.0 0.1 0.58 0.12 0.58 0.09 0.58 0.15 0.58
0.13 0.62 0.15 0.73 0.11 0.73 0.1 0.85 0.11 1.04 0.19 0.7 0.23 0.77 0.24 1.04 0.0 0.0 0.0 0.0 0.0 0.0 0.0 0.0 0.0 0.0 0.0 0.0 0.12 0.58 0.14 0.58 0.11 0.62 0.17 0.58
0.22 0.81 0.22 0.89 0.19 0.85 0.17 0.93 0.16 1.12 0.25 0.89 0.27 0.93 0.28 1.12 0.2 1.12 0.19 1.24 0.18 1.47 0.24 1.12 0.26 1.31 0.24 1.47 0.22 0.77 0.23 0.77 0.2 0.81 0.24 0.77
0.2 0.58 0.18 0.7 0.14 0.73 0.15 0.93 0.19 1.04 0.22 0.66 0.25 0.81 0.28 0.93 0.2 1.04 0.19 1.16 0.22 1.31 0.24 0.93 0.28 1.12 0.32 1.31 0.19 0.58 0.2 0.54 0.15 0.58 0.0 0.0
0.22 0.66 0.19 0.73 0.16 0.81 0.17 1.01 0.2 1.12 0.22 0.7 0.27 0.89 0.3 1.01 0.22 1.12 0.2 1.24 0.24 1.39 0.26 1.01 0.3 1.2 0.34 1.39 0.21 0.66 0.22 0.62 0.17 0.66 0.0 0.0
0.22 0.66 0.19 0.77 0.15 0.81 0.17 1.01 0.2 1.12 0.22 0.73 0.27 0.89 0.29 1.01 0.22 1.12 0.2 1.24 0.24 1.39 0.26 1.01 0.3 1.2 0.34 1.39 0.21 0.62 0.22 0.62 0.17 0.66 0.0 0.0
0.22 0.66 0.19 0.77 0.15 0.81 0.17 1.01 0.2 1.12 0.23 0.73 0.27 0.89 0.29 1.01 0.22 1.08 0.2 1.24 0.24 1.39 0.25 1.01 0.3 1.2 0.33 1.39 0.21 0.62 0.22 0.62 0.17 0.66 0.0 0.0
0.22 0.66 0.19 0.77 0.15 0.81 0.17 1.01 0.2 1.12 0.23 0.73 0.27 0.89 0.29 1.01 0.22 1.12 0.2 1.24 0.23 1.39 0.26 1.01 0.3 1.2 0.33 1.39 0.21 0.66 0.22 0.62 0.17 0.66 0.0 0.0
0.22 0.66 0.19 0.73 0.15 0.77 0.17 0.97 0.2 1.12 0.22 0.73 0.26 0.89 0.29 1.01 0.21 1.08 0.2 1.24 0.23 1.39 0.25 1.01 0.29 1.2 0.33 1.39 0.21 0.62 0.22 0.62 0.17 0.66 0.0 0.0
0.22 0.66 0.19 0.73 0.15 0.77 0.17 0.97 0.2 1.12 0.22 0.7 0.26 0.85 0.29 0.97 0.22 1.08 0.2 1.24 0.24 1.39 0.25 0.97 0.3 1.2 0.34 1.39 0.21 0.62 0.22 0.62 0.17 0.62 0.0 0.0
0.22 0.62 0.19 0.73 0.15 0.77 0.17 0.97 0.2 1.08 0.22 0.7 0.26 0.85 0.29 0.97 0.22 1.08 0.2 1.24 0.23 1.35 0.25 0.97 0.29 1.2 0.33 1.35 0.21 0.62 0.22 0.58 0.17 0.62 0.0 0.0
0.22 0.66 0.19 0.73 0.15 0.77 0.17 0.97 0.2 1.08 0.22 0.7 0.26 0.85 0.29 0.97 0.22 1.08 0.2 1.24 0.23 1.35 0.25 0.97 0.29 1.2 0.33 1.35 0.21 0.62 0.22 0.62 0.17 0.62 0.0 0.0
0.22 0.62 0.19 0.73 0.16 0.77 0.17 0.97 0.2 1.12 0.23 0.73 0.27 0.85 0.29 0.97 0.22 1.08 0.2 1.24 0.23 1.35 0.25 0.97 0.29 1.16 0.34 1.35 0.21 0.62 0.22 0.58 0.17 0.62 0.0 0.0
0.22 0.77 0.23 0.85 0.19 0.85 0.17 0.93 0.16 1.12 0.25 0.89 0.27 0.93 0.28 1.12 0.2 1.08 0.19 1.24 0.18 1.47 0.24 1.12 0.26 1.31 0.24 1.51 0.22 0.77 0.23 0.77 0.2 0.81 0.24 0.77
0.22 0.62 0.2 0.73 0.16 0.77 0.17 0.97 0.2 1.08 0.23 0.7 0.27 0.85 0.3 0.97 0.22 1.08 0.2 1.2 0.24 1.35 0.26 0.97 0.3 1.16 0.34 1.35 0.22 0.58 0.23 0.58 0.18 0.62 0.0 0.0
0.22 0.66 0.19 0.77 0.15 0.81 0.17 1.01 0.2 1.12 0.23 0.73 0.26 0.89 0.29 1.01 0.22 1.08 0.2 1.24 0.23 1.39 0.25 1.01 0.29 1.2 0.33 1.39 0.21 0.62 0.22 0.62 0.17 0.66 0.0 0.0
0.22 0.66 0.2 0.77 0.15 0.81 0.17 1.01 0.2 1.12 0.23 0.73 0.26 0.89 0.29 1.01 0.22 1.12 0.2 1.24 0.23 1.39 0.25 1.01 0.29 1.2 0.33 1.39 0.21 0.66 0.22 0.62 0.17 0.66 0.0 0.0
0.22 0.66 0.19 0.77 0.15 0.81 0.17 1.01 0.2 1.12 0.22 0.73 0.26 0.89 0.29 1.01 0.22 1.12 0.2 1.24 0.23 1.39 0.25 1.01 0.29 1.2 0.33 1.39 0.21 0.62 0.22 0.62 0.17 0.66 0.0 0.0
0.22 0.66 0.19 0.77 0.15 0.81 0.17 1.01 0.2 1.12 0.22 0.73 0.26 0.89 0.29 1.01 0.22 1.12 0.2 1.24 0.23 1.39 0.25 1.01 0.29 1.2 0.33 1.39 0.21 0.62 0.22 0.62 0.17 0.66 0.0 0.0
0.22 0.66 0.19 0.77 0.15 0.81 0.17 1.01 0.2 1.12 0.22 0.73 0.26 0.89 0.29 1.01 0.22 1.12 0.2 1.24 0.23 1.39 0.25 1.01 0.29 1.2 0.33 1.39 0.2 0.62 0.22 0.62 0.17 0.66 0.0 0.0
0.22 0.66 0.19 0.77 0.15 0.81 0.17 1.01 0.2 1.12 0.23 0.73 0.26 0.89 0.29 1.01 0.22 1.12 0.2 1.24 0.23 1.39 0.26 1.01 0.29 1.2 0.33 1.39 0.21 0.62 0.22 0.62 0.17 0.66 0.0 0.0
0.22 0.66 0.19 0.77 0.15 0.81 0.17 0.97 0.2 1.12 0.22 0.73 0.26 0.89 0.29 1.01 0.22 1.12 0.2 1.24 0.24 1.39 0.25 1.01 0.29 1.2 0.33 1.39 0.21 0.62 0.22 0.62 0.17 0.66 0.0 0.0
0.22 0.66 0.19 0.73 0.15 0.77 0.17 0.97 0.2 1.12 0.22 0.7 0.26 0.85 0.29 1.01 0.22 1.08 0.2 1.24 0.24 1.39 0.26 1.01 0.3 1.2 0.34 1.39 0.21 0.62 0.22 0.62 0.19 0.66 0.0 0.0
0.22 0.66 0.2 0.77 0.15 0.77 0.17 0.97 0.2 1.12 0.23 0.73 0.27 0.89 0.3 1.01 0.22 1.08 0.2 1.24 0.24 1.39 0.25 1.01 0.3 1.2 0.34 1.39 0.21 0.62 0.22 0.62 0.17 0.62 0.0 0.0
0.18 0.85 0.18 0.97 0.14 0.97 0.11 1.01 0.11 1.24 0.21 0.97 0.24 1.01 0.26 1.24 0.17 1.24 0.14 1.43 0.14 1.66 0.21 1.2 0.23 1.55 0.22 1.66 0.0 0.0 0.18 0.85 0.14 0.85 0.19 0.85
0.22 0.77 0.22 0.85 0.19 0.85 0.17 0.97 0.16 1.12 0.25 0.89 0.27 0.93 0.28 1.12 0.2 1.08 0.19 1.24 0.18 1.47 0.24 1.12 0.26 1.31 0.24 1.47 0.22 0.73 0.23 0.77 0.2 0.77 0.24 0.77
0.22 0.66 0.19 0.73 0.16 0.77 0.17 1.01 0.2 1.12 0.22 0.73 0.26 0.85 0.3 1.01 0.22 1.08 0.2 1.24 0.24 1.39 0.25 1.01 0.3 1.2 0.34 1.39 0.21 0.62 0.22 0.62 0.17 0.66 0.0 0.0
0.22 0.77 0.22 0.85 0.19 0.85 0.17 0.97 0.16 1.12 0.25 0.89 0.27 0.93 0.28 1.12 0.2 1.12 0.19 1.24 0.18 1.47 0.23 1.12 0.26 1.31 0.24 1.47 0.22 0.73 0.23 0.77 0.2 0.77 0.24 0.77
0.22 0.77 0.22 0.89 0.19 0.85 0.17 0.97 0.16 1.12 0.25 0.89 0.27 0.93 0.28 1.12 0.2 1.08 0.19 1.24 0.18 1.47 0.24 1.08 0.26 1.31 0.24 1.47 0.22 0.73 0.23 0.77 0.2 0.77 0.24 0.77
0.22 0.77 0.23 0.85 0.19 0.85 0.17 0.93 0.16 1.12 0.26 0.89 0.27 0.93 0.28 1.12 0.2 1.08 0.19 1.2 0.18 1.47 0.24 1.12 0.26 1.31 0.24 1.47 0.22 0.73 0.23 0.77 0.2 0.81 0.25 0.77
0.22 0.77 0.22 0.85 0.19 0.85 0.17 0.93 0.16 1.08 0.26 0.89 0.27 0.93 0.28 1.12 0.2 1.08 0.19 1.24 0.18 1.47 0.24 1.12 0.26 1.31 0.24 1.47 0.22 0.77 0.23 0.77 0.2 0.77 0.24 0.77
0.22 0.77 0.22 0.85 0.19 0.85 0.17 0.97 0.16 1.12 0.25 0.89 0.27 0.93 0.28 1.12 0.2 1.08 0.19 1.2 0.18 1.47 0.24 1.12 0.26 1.31 0.24 1.47 0.22 0.73 0.23 0.77 0.2 0.77 0.24 0.77
0.22 0.77 0.22 0.85 0.19 0.85 0.17 0.97 0.16 1.12 0.25 0.89 0.27 0.93 0.28 1.12 0.2 1.08 0.19 1.24 0.18 1.47 0.24 1.12 0.26 1.31 0.24 1.47 0.22 0.73 0.23 0.77 0.2 0.77 0.24 0.77
0.22 0.77 0.22 0.85 0.19 0.85 0.17 0.93 0.16 1.12 0.25 0.89 0.27 0.93 0.27 1.12 0.2 1.08 0.19 1.24 0.18 1.47 0.23 1.08 0.26 1.31 0.24 1.47 0.22 0.73 0.23 0.77 0.2 0.81 0.24 0.77
0.22 0.77 0.23 0.89 0.2 0.85 0.17 0.93 0.17 1.12 0.26 0.89 0.27 0.93 0.28 1.12 0.2 1.12 0.19 1.24 0.18 1.47 0.24 1.12 0.26 1.35 0.24 1.47 0.22 0.77 0.23 0.77 0.2 0.77 0.25 0.81
0.19 0.5 0.19 0.54 0.15 0.54 0.13 0.7 0.14 0.81 0.22 0.54 0.24 0.62 0.25 0.81 0.18 0.81 0.16 0.73 0.15 1.08 0.0 0.0 0.0 0.0 0.0 0.0 0.18 0.46 0.2 0.46 0.16 0.46 0.21 0.46
0.17 0.85 0.17 0.97 0.14 0.97 0.11 1.12 0.11 1.28 0.2 0.97 0.23 1.01 0.25 1.24 0.15 1.28 0.14 1.66 0.0 0.0 0.2 1.2 0.23 1.59 0.0 0.0 0.0 0.0 0.18 0.85 0.0 0.0 0.19 0.85
0.19 0.46 0.2 0.58 0.15 0.54 0.13 0.66 0.14 0.81 0.23 0.54 0.24 0.62 0.25 0.81 0.2 0.81 0.17 0.73 0.15 1.08 0.23 0.85 0.2 0.73 0.21 1.08 0.18 0.43 0.2 0.43 0.16 0.46 0.21 0.46
0.19 0.46 0.19 0.54 0.16 0.54 0.13 0.66 0.14 0.81 0.22 0.54 0.24 0.62 0.25 0.81 0.18 0.77 0.16 0.73 0.15 1.08 0.0 0.0 0.0 0.0 0.0 0.0 0.18 0.46 0.2 0.43 0.17 0.46 0.21 0.43
0.2 0.46 0.2 0.54 0.17 0.54 0.14 0.66 0.14 0.81 0.23 0.54 0.25 0.58 0.26 0.77 0.19 0.77 0.17 0.73 0.16 1.08 0.23 0.81 0.2 0.73 0.22 1.04 0.19 0.43 0.2 0.43 0.17 0.46 0.22 0.43
0.2 0.46 0.2 0.54 0.17 0.54 0.14 0.58 0.14 0.77 0.23 0.54 0.25 0.58 0.26 0.77 0.19 0.77 0.17 0.73 0.16 1.08 0.23 0.81 0.21 0.73 0.22 1.04 0.2 0.43 0.2 0.43 0.0 0.0 0.22 0.43
0.19 0.46 0.2 0.54 0.17 0.5 0.14 0.66 0.15 0.77 0.23 0.54 0.26 0.58 0.26 0.77 0.19 0.77 0.17 0.73 0.17 1.08 0.22 0.77 0.21 0.73 0.23 1.04 0.19 0.43 0.2 0.43 0.17 0.43 0.22 0.43
0.2 0.46 0.2 0.54 0.17 0.54 0.14 0.66 0.15 0.77 0.23 0.54 0.26 0.58 0.26 0.77 0.19 0.77 0.18 0.73 0.17 1.04 0.0 0.0 0.0 0.0 0.0 0.0 0.19 0.43 0.21 0.43 0.18 0.43 0.22 0.43
0.21 0.46 0.22 0.54 0.18 0.54 0.15 0.7 0.15 0.81 0.24 0.54 0.26 0.62 0.27 0.81 0.21 0.81 0.18 0.73 0.17 1.08 0.24 0.85 0.22 0.77 0.23 1.08 0.2 0.46 0.22 0.46 0.18 0.46 0.23 0.46
0.2 0.5 0.21 0.54 0.17 0.54 0.15 0.7 0.15 0.81 0.24 0.54 0.26 0.62 0.26 0.81 0.2 0.81 0.17 0.73 0.17 1.08 0.24 0.81 0.22 0.77 0.23 1.08 0.19 0.46 0.22 0.46 0.18 0.46 0.23 0.46
0.2 0.5 0.2 0.54 0.17 0.54 0.14 0.66 0.15 0.81 0.23 0.54 0.26 0.62 0.26 0.81 0.2 0.81 0.18 0.73 0.17 1.08 0.24 0.81 0.22 0.77 0.23 1.08 0.19 0.46 0.21 0.46 0.18 0.46 0.23 0.46
0.2 0.46 0.21 0.58 0.17 0.54 0.14 0.66 0.15 0.81 0.24 0.54 0.26 0.66 0.26 0.81 0.2 0.81 0.17 0.73 0.17 1.08 0.23 0.85 0.22 0.77 0.23 1.08 0.19 0.46 0.21 0.46 0.17 0.46 0.22 0.46
0.0 0.0 0.15 0.93 0.13 0.97 0.11 1.12 0.12 1.28 0.17 0.85 0.19 0.85 0.18 0.85 0.17 1.24 0.14 1.66 0.0 0.0 0.21 1.2 0.23 1.62 0.0 0.0 0.0 0.0 0.0 0.0 0.14 0.89 0.0 0.0
0.2 0.46 0.21 0.58 0.17 0.54 0.14 0.7 0.15 0.81 0.23 0.54 0.26 0.62 0.26 0.81 0.2 0.81 0.17 0.73 0.17 1.08 0.23 0.81 0.22 0.77 0.23 1.08 0.19 0.46 0.2 0.43 0.17 0.46 0.22 0.46
0.2 0.46 0.2 0.54 0.17 0.54 0.14 0.66 0.15 0.81 0.23 0.54 0.26 0.62 0.26 0.81 0.2 0.77 0.17 0.73 0.17 1.08 0.23 0.81 0.21 0.77 0.22 1.08 0.19 0.46 0.21 0.46 0.17 0.46 0.22 0.46
0.2 0.5 0.2 0.54 0.16 0.54 0.14 0.7 0.15 0.81 0.23 0.54 0.26 0.62 0.26 0.81 0.19 0.81 0.17 0.73 0.17 1.08 0.23 0.81 0.21 0.77 0.22 1.08 0.19 0.46 0.2 0.46 0.17 0.46 0.22 0.46
0.19 0.5 0.2 0.54 0.16 0.54 0.14 0.7 0.14 0.81 0.23 0.54 0.25 0.62 0.25 0.81 0.19 0.81 0.17 0.73 0.16 1.08 0.23 0.85 0.2 0.73 0.22 1.08 0.18 0.46 0.2 0.46 0.17 0.46 0.22 0.46
0.19 0.5 0.19 0.54 0.16 0.58 0.14 0.7 0.14 0.81 0.23 0.54 0.25 0.62 0.25 0.81 0.19 0.81 0.17 0.73 0.16 1.08 0.23 0.81 0.2 0.77 0.22 1.08 0.18 0.46 0.2 0.46 0.17 0.46 0.22 0.46
0.19 0.5 0.19 0.54 0.16 0.54 0.14 0.7 0.14 0.81 0.23 0.54 0.25 0.62 0.25 0.81 0.19 0.81 0.16 0.73 0.16 1.08 0.23 0.85 0.2 0.73 0.22 1.08 0.19 0.46 0.2 0.46 0.17 0.46 0.22 0.46
0.19 0.46 0.2 0.58 0.15 0.54 0.13 0.7 0.14 0.81 0.23 0.58 0.24 0.62 0.25 0.81 0.0 0.0 0.0 0.0 0.0 0.0 0.23 0.81 0.2 0.73 0.22 1.08 0.18 0.46 0.2 0.46 0.17 0.46 0.22 0.46
0.22 0.46 0.23 0.58 0.17 0.54 0.15 0.7 0.16 0.81 0.24 0.54 0.27 0.62 0.27 0.81 0.22 0.81 0.18 0.73 0.18 1.08 0.25 0.81 0.22 0.73 0.23 1.08 0.2 0.46 0.22 0.43 0.18 0.46 0.23 0.46
0.21 0.5 0.22 0.54 0.18 0.54 0.15 0.7 0.16 0.81 0.24 0.54 0.27 0.62 0.27 0.81 0.2 0.77 0.18 0.73 0.18 1.08 0.0 0.0 0.0 0.0 0.0 0.0 0.2 0.46 0.22 0.46 0.18 0.46 0.23 0.46
0.24 0.77 0.24 0.81 0.22 0.81 0.0 0.0 0.0 0.0 0.27 0.85 0.29 1.01 0.27 1.01 0.24 1.12 0.2 1.08 0.24 1.43 0.27 1.12 0.28 1.2 0.32 1.43 0.23 0.73 0.25 0.73 0.22 0.73 0.27 0.73
0.19 0.81 0.19 0.93 0.16 0.93 0.13 0.97 0.13 1.2 0.23 0.93 0.25 0.97 0.26 1.2 0.18 1.2 0.15 1.35 0.14 1.62 0.0 0.0 0.0 0.0 0.0 0.0 0.18 0.81 0.2 0.81 0.16 0.81 0.21 0.81
0.24 0.77 0.25 0.85 0.22 0.85 0.18 1.01 0.2 1.01 0.28 0.85 0.29 1.01 0.27 1.04 0.24 1.12 0.2 1.08 0.24 1.43 0.27 1.12 0.29 1.2 0.32 1.43 0.23 0.73 0.25 0.73 0.22 0.73 0.27 0.73
0.24 0.77 0.25 0.85 0.22 0.81 0.0 0.0 0.0 0.0 0.28 0.85 0.0 0.0 0.0 0.0 0.24 1.12 0.2 1.08 0.24 1.39 0.27 1.08 0.28 1.12 0.32 1.43 0.23 0.7 0.26 0.73 0.22 0.73 0.27 0.73
0.24 0.73 0.26 0.81 0.23 0.81 0.0 0.0 0.0 0.0 0.28 0.85 0.29 1.01 0.27 1.01 0.24 1.12 0.2 1.08 0.24 1.43 0.27 1.12 0.3 1.24 0.32 1.43 0.24 0.73 0.25 0.73 0.22 0.73 0.27 0.73
0.24 0.77 0.24 0.81 0.21 0.81 0.18 1.01 0.19 1.04 0.27 0.85 0.28 1.01 0.26 1.04 0.24 1.12 0.2 1.08 0.24 1.43 0.27 1.12 0.29 1.2 0.32 1.43 0.23 0.73 0.24 0.73 0.21 0.73 0.27 0.73
0.24 0.77 0.24 0.81 0.21 0.81 0.0 0.0 0.0 0.0 0.27 0.85 0.28 1.01 0.27 1.01 0.24 1.12 0.2 1.08 0.24 1.39 0.27 1.12 0.3 1.24 0.32 1.43 0.23 0.73 0.25 0.73 0.21 0.73 0.27 0.73
0.24 0.73 0.24 0.81 0.21 0.81 0.0 0.0 0.0 0.0 0.27 0.81 0.29 1.01 0.26 1.01 0.24 1.12 0.2 1.08 0.24 1.39 0.27 1.08 0.29 1.16 0.32 1.39 0.23 0.7 0.25 0.7 0.21 0.7 0.27 0.7
0.24 0.73 0.24 0.81 0.21 0.81 0.0 0.0 0.0 0.0 0.27 0.81 0.28 0.97 0.26 1.01 0.24 1.08 0.2 1.08 0.24 1.39 0.27 1.08 0.28 1.16 0.32 1.39 0.23 0.7 0.25 0.7 0.21 0.73 0.27 0.7
0.24 0.73 0.24 0.81 0.21 0.81 0.0 0.0 0.0 0.0 0.27 0.85 0.28 1.01 0.27 1.01 0.24 1.08 0.2 1.08 0.24 1.39 0.27 1.08 0.0 0.0 0.0 0.0 0.23 0.7 0.25 0.7 0.21 0.73 0.27 0.73
0.24 0.73 0.25 0.81 0.23 0.81 0.18 1.01 0.0 0.0 0.27 0.85 0.28 1.01 0.26 1.01 0.24 1.12 0.2 1.08 0.24 1.39 0.27 1.12 0.0 0.0 0.0 0.0 0.23 0.7 0.25 0.7 0.21 0.73 0.27 0.73
0.24 0.73 0.25 0.81 0.21 0.81 0.13 0.93 0.18 1.01 0.28 0.85 0.29 1.01 0.27 1.01 0.24 1.12 0.2 1.08 0.24 1.39 0.27 1.12 0.3 1.24 0.32 1.43 0.23 0.73 0.25 0.73 0.21 0.73 0.27 0.73
0.19 0.81 0.19 0.93 0.16 0.93 0.13 0.97 0.13 1.2 0.23 0.93 0.25 0.97 0.26 1.2 0.17 1.2 0.15 1.35 0.14 1.62 0.0 0.0 0.0 0.0 0.0 0.0 0.0 0.0 0.2 0.81 0.0 0.0 0.21 0.81
0.24 0.77 0.25 0.81 0.22 0.81 0.0 0.0 0.0 0.0 0.28 0.85 0.29 1.01 0.27 1.04 0.24 1.12 0.2 1.08 0.24 1.43 0.27 1.12 0.3 1.24 0.32 1.43 0.23 0.73 0.25 0.73 0.22 0.73 0.27 0.73
0.24 0.77 0.25 0.85 0.21 0.81 0.0 0.0 0.0 0.0 0.27 0.85 0.29 1.01 0.26 1.04 0.24 1.12 0.2 1.08 0.24 1.43 0.27 1.12 0.28 1.2 0.32 1.43 0.23 0.73 0.25 0.73 0.22 0.73 0.27 0.73
0.24 0.77 0.25 0.85 0.21 0.81 0.0 0.0 0.0 0.0 0.27 0.85 0.29 1.01 0.27 1.04 0.24 1.12 0.2 1.08 0.24 1.43 0.27 1.12 0.29 1.2 0.32 1.43 0.23 0.73 0.25 0.73 0.22 0.73 0.27 0.73
0.24 0.77 0.24 0.85 0.22 0.85 0.0 0.0 0.0 0.0 0.27 0.85 0.29 1.01 0.27 1.04 0.24 1.12 0.2 1.08 0.24 1.43 0.27 1.12 0.28 1.16 0.32 1.43 0.23 0.73 0.25 0.73 0.22 0.73 0.27 0.73
0.24 0.77 0.25 0.81 0.22 0.81 0.0 0.0 0.0 0.0 0.28 0.85 0.29 1.01 0.27 1.04 0.24 1.12 0.2 1.08 0.24 1.43 0.27 1.12 0.3 1.24 0.32 1.43 0.23 0.73 0.25 0.73 0.21 0.73 0.27 0.73
0.24 0.73 0.25 0.77 0.22 0.77 0.0 0.0 0.0 0.0 0.28 0.81 0.29 0.97 0.27 0.97 0.24 1.08 0.2 1.04 0.24 1.35 0.27 1.08 0.3 1.2 0.32 1.39 0.23 0.7 0.25 0.7 0.22 0.7 0.27 0.7
0.24 0.73 0.24 0.81 0.21 0.77 0.0 0.0 0.0 0.0 0.27 0.81 0.29 0.97 0.27 1.01 0.24 1.08 0.2 1.04 0.24 1.39 0.27 1.08 0.28 1.12 0.31 1.35 0.23 0.7 0.25 0.7 0.21 0.7 0.27 0.7
0.24 0.73 0.24 0.81 0.22 0.81 0.0 0.0 0.0 0.0 0.27 0.81 0.29 1.01 0.27 1.01 0.24 1.08 0.2 1.04 0.24 1.39 0.27 1.08 0.0 0.0 0.0 0.0 0.23 0.7 0.25 0.7 0.21 0.7 0.27 0.7
0.24 0.73 0.24 0.81 0.22 0.81 0.0 0.0 0.0 0.0 0.27 0.81 0.28 0.97 0.26 1.01 0.24 1.08 0.2 1.08 0.24 1.39 0.27 1.08 0.28 1.12 0.32 1.39 0.23 0.7 0.25 0.7 0.21 0.7 0.27 0.7
0.24 0.7 0.24 0.77 0.22 0.77 0.2 0.89 0.2 1.01 0.27 0.77 0.29 0.85 0.29 0.97 0.23 1.08 0.23 0.93 0.24 1.24 0.26 1.04 0.27 0.93 0.28 1.24 0.23 0.7 0.24 0.7 0.22 0.7 0.26 0.7
0.19 0.81 0.19 0.93 0.16 0.89 0.13 0.97 0.13 1.2 0.22 0.89 0.25 0.97 0.26 1.2 0.0 0.0 0.0 0.0 0.0 0.0 0.23 1.16 0.21 1.2 0.22 1.59 0.18 0.81 0.19 0.77 0.15 0.81 0.21 0.81
0.24 0.7 0.24 0.77 0.22 0.77 0.2 0.89 0.2 0.97 0.27 0.77 0.29 0.85 0.3 0.97 0.24 1.04 0.23 0.93 0.24 1.24 0.26 1.01 0.27 0.93 0.28 1.24 0.24 0.7 0.24 0.66 0.23 0.7 0.26 0.7
0.24 0.7 0.24 0.77 0.22 0.77 0.2 0.89 0.2 0.97 0.27 0.77 0.29 0.81 0.3 0.97 0.24 1.04 0.23 0.97 0.25 1.24 0.26 1.01 0.27 0.93 0.28 1.24 0.24 0.7 0.24 0.66 0.23 0.7 0.26 0.7
0.24 0.7 0.24 0.77 0.22 0.77 0.2 0.89 0.2 0.97 0.27 0.73 0.3 0.81 0.3 0.93 0.24 1.04 0.23 0.93 0.25 1.2 0.27 0.97 0.27 0.93 0.29 1.24 0.24 0.66 0.25 0.66 0.23 0.7 0.26 0.7
0.24 0.73 0.24 0.77 0.22 0.77 0.19 0.89 0.19 1.01 0.26 0.77 0.28 0.89 0.29 1.01 0.23 1.04 0.23 0.97 0.24 1.24 0.26 1.01 0.27 0.97 0.28 1.28 0.23 0.7 0.24 0.7 0.23 0.7 0.25 0.7
0.24 0.7 0.23 0.77 0.21 0.77 0.19 0.89 0.19 1.01 0.26 0.77 0.28 0.85 0.29 0.97 0.23 1.04 0.23 0.97 0.24 1.24 0.26 1.01 0.26 0.93 0.28 1.28 0.23 0.7 0.24 0.7 0.22 0.7 0.24 0.7
0.19 0.81 0.19 0.93 0.15 0.93 0.12 1.04 0.12 1.2 0.22 0.93 0.25 0.97 0.26 1.2 0.0 0.0 0.0 0.0 0.0 0.0 0.23 1.2 0.2 1.16 0.22 1.59 0.18 0.81 0.19 0.81 0.15 0.81 0.21 0.81
0.24 0.7 0.24 0.77 0.22 0.77 0.19 0.89 0.19 1.01 0.26 0.77 0.29 0.89 0.29 1.01 0.23 1.04 0.22 0.93 0.24 1.24 0.26 1.01 0.27 0.97 0.28 1.28 0.23 0.7 0.24 0.7 0.23 0.7 0.25 0.7
0.24 0.7 0.24 0.77 0.21 0.77 0.19 0.89 0.19 1.01 0.26 0.77 0.29 0.89 0.29 0.97 0.23 1.04 0.22 0.93 0.24 1.24 0.26 1.01 0.26 0.93 0.28 1.24 0.23 0.7 0.24 0.66 0.22 0.7 0.25 0.7
0.24 0.73 0.23 0.77 0.21 0.77 0.19 0.89 0.19 1.01 0.26 0.77 0.28 0.89 0.29 1.01 0.23 1.04 0.23 0.97 0.24 1.24 0.26 1.01 0.27 0.97 0.28 1.28 0.23 0.7 0.24 0.7 0.22 0.7 0.25 0.7
0.24 0.73 0.24 0.77 0.21 0.77 0.19 0.89 0.2 1.01 0.26 0.77 0.29 0.89 0.29 1.01 0.23 1.04 0.22 0.93 0.24 1.24 0.26 1.01 0.26 0.93 0.28 1.28 0.23 0.7 0.24 0.7 0.22 0.7 0.25 0.7
0.23 0.7 0.23 0.77 0.21 0.77 0.19 0.89 0.19 1.01 0.26 0.77 0.28 0.89 0.29 1.01 0.23 1.04 0.23 1.01 0.24 1.24 0.26 1.01 0.27 1.01 0.28 1.28 0.23 0.7 0.24 0.7 0.22 0.7 0.25 0.7
